{
  "generated_at": 1783637623.114958,
  "grid": {
    "lat_step_deg": 10.0,
    "lon_step_deg": 10.0,
    "rows": 18,
    "cols": 36
  },
  "heat_sources": [
    {
      "layer": "Layer 6",
      "layer_hash": "e5765f16eb9e56d4",
      "lat_deg": -9.46,
      "lon_deg": 156.3,
      "intensity": 0.5942,
      "strength_proxy": 29.7114
    },
    {
      "layer": "Layer 7",
      "layer_hash": "4c0cd0dcc06ed53d",
      "lat_deg": 53.16,
      "lon_deg": 141.1,
      "intensity": 0.7711,
      "strength_proxy": 38.556000000000004
    },
    {
      "layer": "Layer 8",
      "layer_hash": "7709d8b50103a1b6",
      "lat_deg": 70.05,
      "lon_deg": 109.31,
      "intensity": 0.9228,
      "strength_proxy": 46.141200000000005
    },
    {
      "layer": "Layer 9",
      "layer_hash": "5d933c73164cee4d",
      "lat_deg": -26.45,
      "lon_deg": 13.08,
      "intensity": 0.9224,
      "strength_proxy": 46.1196
    },
    {
      "layer": "Layer 10",
      "layer_hash": "6a42a96b591ef0b2",
      "lat_deg": 66.43,
      "lon_deg": -133.3,
      "intensity": 0.8207,
      "strength_proxy": 41.0368
    },
    {
      "source": "entropy_spike",
      "lat_deg": 45.0,
      "lon_deg": 0.0,
      "intensity": 0.85
    }
  ],
  "coverage_field": [
    [
      0.0,
      0.0,
      0.2403880088360777,
      0.3619306281046831,
      0.410368,
      0.3619306281046831,
      0.2403880088360777,
      0.0,
      0.0,
      0.0,
      0.0,
      0.0,
      0.0,
      0.0,
      0.0,
      0.0,
      0.0,
      0.0,
      0.16999999999999996,
      0.0,
      0.0,
      0.0,
      0.0,
      0.0,
      0.0,
      0.0,
      0.40694970118293355,
      0.5965564458791528,
      0.692118,
      0.5965564458791528,
      0.40694970118293355,
      0.0,
      0.19278000000000003,
      0.0,
      0.0,
      0.0
    ],
    [
      0.0,
      0.0,
      0.3619306281046831,
      0.5305620044180389,
      0.615552,
      0.5305620044180389,
      0.3619306281046831,
      0.0,
      0.0,
      0.0,
      0.0,
      0.0,
      0.0,
      0.0,
      0.0,
      0.0,
      0.23705628317112187,
      0.3124127977713755,
      0.34,
      0.3124127977713755,
      0.23705628317112187,
      0.0,
      0.0,
      0.0,
      0.0,
      0.23070600000000002,
      0.46141200000000004,
      0.692118,
      0.9228240000000001,
      0.692118,
      0.6872678188914295,
      0.5707568152975906,
      0.38556000000000007,
      0.34005081529759057,
      0.22585581889142947,
      0.0
    ],
    [
      0.0,
      0.205184,
      0.410368,
      0.615552,
      0.820736,
      0.615552,
      0.410368,
      0.205184,
      0.0,
      0.0,
      0.0,
      0.0,
      0.0,
      0.0,
      0.0,
      0.23705628317112187,
      0.3691673887931477,
      0.4698684438250357,
      0.51,
      0.4698684438250357,
      0.3691673887931477,
      0.23705628317112187,
      0.0,
      0.0,
      0.0,
      0.0,
      0.40694970118293355,
      0.5965564458791528,
      0.692118,
      0.5965564458791528,
      0.7470005164805241,
      0.49848790944571486,
      0.5783400000000001,
      0.49848790944571486,
      0.34005081529759057,
      0.0
    ],
    [
      0.0,
      0.0,
      0.3619306281046831,
      0.5305620044180389,
      0.615552,
      0.5305620044180389,
      0.3619306281046831,
      0.0,
      0.0,
      0.0,
      0.0,
      0.0,
      0.0,
      0.0,
      0.0,
      0.3124127977713755,
      0.4698684438250357,
      0.6095836943965738,
      0.68,
      0.6095836943965738,
      0.4698684438250357,
      0.3124127977713755,
      0.0,
      0.0,
      0.0,
      0.0,
      0.27028889175830545,
      0.40694970118293355,
      0.46141200000000004,
      0.5997297011829336,
      0.6558488917583055,
      0.5783400000000001,
      0.7711200000000001,
      0.5783400000000001,
      0.38556000000000007,
      0.19278000000000003
    ],
    [
      0.0,
      0.0,
      0.2403880088360777,
      0.3619306281046831,
      0.410368,
      0.3619306281046831,
      0.2403880088360777,
      0.0,
      0.0,
      0.0,
      0.0,
      0.0,
      0.0,
      0.0,
      0.16999999999999996,
      0.34,
      0.51,
      0.68,
      0.85,
      0.68,
      0.51,
      0.34,
      0.16999999999999996,
      0.0,
      0.0,
      0.0,
      0.0,
      0.0,
      0.23070600000000002,
      0.0,
      0.34005081529759057,
      0.49848790944571486,
      0.5783400000000001,
      0.49848790944571486,
      0.34005081529759057,
      0.0
    ],
    [
      0.0,
      0.0,
      0.0,
      0.0,
      0.205184,
      0.0,
      0.0,
      0.0,
      0.0,
      0.0,
      0.0,
      0.0,
      0.0,
      0.0,
      0.0,
      0.3124127977713755,
      0.4698684438250357,
      0.6095836943965738,
      0.68,
      0.6095836943965738,
      0.4698684438250357,
      0.3124127977713755,
      0.0,
      0.0,
      0.0,
      0.0,
      0.0,
      0.0,
      0.0,
      0.0,
      0.22585581889142947,
      0.34005081529759057,
      0.38556000000000007,
      0.34005081529759057,
      0.22585581889142947,
      0.0
    ],
    [
      0.0,
      0.0,
      0.0,
      0.0,
      0.0,
      0.0,
      0.0,
      0.0,
      0.0,
      0.0,
      0.0,
      0.0,
      0.0,
      0.0,
      0.0,
      0.23705628317112187,
      0.3691673887931477,
      0.4698684438250357,
      0.51,
      0.4698684438250357,
      0.3691673887931477,
      0.23705628317112187,
      0.0,
      0.0,
      0.0,
      0.0,
      0.0,
      0.0,
      0.0,
      0.0,
      0.0,
      0.0,
      0.19278000000000003,
      0.148557,
      0.0,
      0.0
    ],
    [
      0.0,
      0.0,
      0.0,
      0.0,
      0.0,
      0.0,
      0.0,
      0.0,
      0.0,
      0.0,
      0.0,
      0.0,
      0.0,
      0.0,
      0.0,
      0.0,
      0.23705628317112187,
      0.3124127977713755,
      0.34,
      0.3124127977713755,
      0.23705628317112187,
      0.0,
      0.0,
      0.0,
      0.0,
      0.0,
      0.0,
      0.0,
      0.0,
      0.0,
      0.0,
      0.1740453516290802,
      0.2620444494665637,
      0.297114,
      0.2620444494665637,
      0.1740453516290802
    ],
    [
      0.0,
      0.0,
      0.0,
      0.0,
      0.0,
      0.0,
      0.0,
      0.0,
      0.0,
      0.0,
      0.0,
      0.0,
      0.0,
      0.0,
      0.0,
      0.0,
      0.0,
      0.0,
      0.16999999999999996,
      0.230598,
      0.0,
      0.0,
      0.0,
      0.0,
      0.0,
      0.0,
      0.0,
      0.0,
      0.0,
      0.0,
      0.0,
      0.2620444494665637,
      0.38413667581454014,
      0.445671,
      0.38413667581454014,
      0.2620444494665637
    ],
    [
      0.148557,
      0.0,
      0.0,
      0.0,
      0.0,
      0.0,
      0.0,
      0.0,
      0.0,
      0.0,
      0.0,
      0.0,
      0.0,
      0.0,
      0.0,
      0.0,
      0.0,
      0.27016236188777804,
      0.4067591965245035,
      0.461196,
      0.4067591965245035,
      0.27016236188777804,
      0.0,
      0.0,
      0.0,
      0.0,
      0.0,
      0.0,
      0.0,
      0.0,
      0.148557,
      0.297114,
      0.445671,
      0.594228,
      0.445671,
      0.297114
    ],
    [
      0.0,
      0.0,
      0.0,
      0.0,
      0.0,
      0.0,
      0.0,
      0.0,
      0.0,
      0.0,
      0.0,
      0.0,
      0.0,
      0.0,
      0.0,
      0.0,
      0.0,
      0.4067591965245035,
      0.596277180943889,
      0.691794,
      0.596277180943889,
      0.4067591965245035,
      0.0,
      0.0,
      0.0,
      0.0,
      0.0,
      0.0,
      0.0,
      0.0,
      0.0,
      0.2620444494665637,
      0.38413667581454014,
      0.445671,
      0.38413667581454014,
      0.2620444494665637
    ],
    [
      0.0,
      0.0,
      0.0,
      0.0,
      0.0,
      0.0,
      0.0,
      0.0,
      0.0,
      0.0,
      0.0,
      0.0,
      0.0,
      0.0,
      0.0,
      0.0,
      0.230598,
      0.461196,
      0.691794,
      0.922392,
      0.691794,
      0.461196,
      0.230598,
      0.0,
      0.0,
      0.0,
      0.0,
      0.0,
      0.0,
      0.0,
      0.0,
      0.1740453516290802,
      0.2620444494665637,
      0.297114,
      0.2620444494665637,
      0.1740453516290802
    ],
    [
      0.0,
      0.0,
      0.0,
      0.0,
      0.0,
      0.0,
      0.0,
      0.0,
      0.0,
      0.0,
      0.0,
      0.0,
      0.0,
      0.0,
      0.0,
      0.0,
      0.0,
      0.4067591965245035,
      0.596277180943889,
      0.691794,
      0.596277180943889,
      0.4067591965245035,
      0.0,
      0.0,
      0.0,
      0.0,
      0.0,
      0.0,
      0.0,
      0.0,
      0.0,
      0.0,
      0.0,
      0.148557,
      0.0,
      0.0
    ],
    [
      0.0,
      0.0,
      0.0,
      0.0,
      0.0,
      0.0,
      0.0,
      0.0,
      0.0,
      0.0,
      0.0,
      0.0,
      0.0,
      0.0,
      0.0,
      0.0,
      0.0,
      0.27016236188777804,
      0.4067591965245035,
      0.461196,
      0.4067591965245035,
      0.27016236188777804,
      0.0,
      0.0,
      0.0,
      0.0,
      0.0,
      0.0,
      0.0,
      0.0,
      0.0,
      0.0,
      0.0,
      0.0,
      0.0,
      0.0
    ],
    [
      0.0,
      0.0,
      0.0,
      0.0,
      0.0,
      0.0,
      0.0,
      0.0,
      0.0,
      0.0,
      0.0,
      0.0,
      0.0,
      0.0,
      0.0,
      0.0,
      0.0,
      0.0,
      0.0,
      0.230598,
      0.0,
      0.0,
      0.0,
      0.0,
      0.0,
      0.0,
      0.0,
      0.0,
      0.0,
      0.0,
      0.0,
      0.0,
      0.0,
      0.0,
      0.0,
      0.0
    ],
    [
      0.0,
      0.0,
      0.0,
      0.0,
      0.0,
      0.0,
      0.0,
      0.0,
      0.0,
      0.0,
      0.0,
      0.0,
      0.0,
      0.0,
      0.0,
      0.0,
      0.0,
      0.0,
      0.0,
      0.0,
      0.0,
      0.0,
      0.0,
      0.0,
      0.0,
      0.0,
      0.0,
      0.0,
      0.0,
      0.0,
      0.0,
      0.0,
      0.0,
      0.0,
      0.0,
      0.0
    ],
    [
      0.0,
      0.0,
      0.0,
      0.0,
      0.0,
      0.0,
      0.0,
      0.0,
      0.0,
      0.0,
      0.0,
      0.0,
      0.0,
      0.0,
      0.0,
      0.0,
      0.0,
      0.0,
      0.0,
      0.0,
      0.0,
      0.0,
      0.0,
      0.0,
      0.0,
      0.0,
      0.0,
      0.0,
      0.23070600000000002,
      0.0,
      0.0,
      0.0,
      0.0,
      0.0,
      0.0,
      0.0
    ],
    [
      0.0,
      0.0,
      0.0,
      0.0,
      0.205184,
      0.0,
      0.0,
      0.0,
      0.0,
      0.0,
      0.0,
      0.0,
      0.0,
      0.0,
      0.0,
      0.0,
      0.0,
      0.0,
      0.0,
      0.0,
      0.0,
      0.0,
      0.0,
      0.0,
      0.0,
      0.0,
      0.27028889175830545,
      0.40694970118293355,
      0.46141200000000004,
      0.40694970118293355,
      0.27028889175830545,
      0.0,
      0.0,
      0.0,
      0.0,
      0.0
    ]
  ],
  "hotspot": {
    "lat_deg": 75.0,
    "lon_deg": 105.0,
    "heat": 0.9228
  },
  "escape_vector": {
    "lat_deg": -75.0,
    "lon_deg": -75.0,
    "note": "Higher-acceleration zone coordinate away from direct impact."
  }
}