LOCK_SIGNATURE: af7d765958aa7e84e75e68e7d3a05bdc52378455838e2f0d5403303acbc00db0
SPATIAL_HASH: 4594161a97e7106b4fffe4ebf68cb8409ce5668a1208d0369531a50ab7778a63
DENSITY_SCORE: 0.6652857142857143
FREQUENCY: 7035
LAYER: 7
TIMESTAMP: 2026-06-09T17:34:36.782936
