IMPRINT_SIGNATURE: 00b481f0055a2bd832c2456b76e0b481835f2d05a7d86dbc9c6cd650e65eef1b
PROTOCOL_ID: 67624df8fdb09cac
DIMENSIONAL_CONSTANT: 1.618033988749895
VERTICES_PLACED: 12
TIMESTAMP: 2026-06-09T17:34:36.794695
VERTEX_0: (-1636.0497595048996, -312.0, 87.08096400119723)
VERTEX_1: (-1321.471260311059, -1486.0239804194678, 87.08096400119723)
VERTEX_2: (-462.0266784177254, -2345.469702620243, 87.08096400119723)
VERTEX_3: (711.9968846195615, -2660.049759502833, 87.08096400119723)
VERTEX_4: (1886.0212824191433, -2345.472817998295, 87.08096400119723)
VERTEX_5: (2745.4681449258483, -1486.0293764139153, 87.08096400119723)
VERTEX_6: (3060.0497594966328, -312.00623076087714, 87.08096400119723)
VERTEX_7: (2745.4743756819516, 862.0185844167524, 87.08096400119723)
VERTEX_8: (1886.0320744080402, 1721.4665872278724, 87.08096400119723)
VERTEX_9: (712.0093461413131, 2036.049759486299, 87.08096400119723)
VERTEX_10: (-462.0158864122957, 1721.4759333620273, 87.08096400119723)
VERTEX_11: (-1321.4650295263184, 862.0347724000962, 87.08096400119723)
